30
49
51
100
116
120
127
189
205
244
257
259
268
294
297
303
312
315
335
361
366
371
391
412
430
458
512
518
520
586
629
686
687
697
734
757
785
793
834
892
905
913
914
940
980
997
1014
1027
1037
1040
1075
1084
1099
1103
1112
1125
1160
1164
1174
1182
1208
1220
1309
1311
1360
1361
1371
1379
1410
1492
1513
1545
1556
1622
1623
1655
1663
1695
1715
1724
1739
1768
1771
1772
1776
1794
1804
1819
1843
1859
1868
1878
1915
1942
1951
1952
1963
1964
2003
2005
2020
2021
2036
2043
2047
2054
2103
2112
2128
2230
2248
2261
2262
2267
2295
2317
2368
2372
2401
2451
2463
2471
2473
2479
2480
2540
2573
2585
2592
2617
2625
2674
2710
2792
2820
2865
2948
2997
3033
3050
3072
3082
3096
3127
3133
3139
3147
3171
3172
3214
3217
3221
3250
3253
3322
3344
3368
3397
3404
3425
3426
3452
3475
3508
3510
3532
3538
3542
3558
3563
3573
3601
3606
3610
3635
3651
3661
3703
3711
3735
3755
3800
3820
3822
3849
3874
3931
3949
3990
4002
4006
4008
4048
4049
4050
4080
4084
4143
4151
4176
4220
4223
4261
4270
4309
4335
4342
4370
4394
